$ANSIBLE_VAULT;1.2;AES256;filter_default
39386435383631346133353066353064653436666436636364653833643662306437393538663261
3537346338323661643563666439356431393336616639340a366465646431316265636361356537
30643938663134663162393636303334343532653236623336373330303932333931353261353231
3632353432306163650a653139373532653136313663303135346437333430373832313562623665
31316266393865383964316366306635623434353734653634373230623530383634386239343336
66346539323135326266333961623130613332393437663565623534373433346331636139633063
66623439313938396264633966613833383261613038636666623937303433656465636238383138
62333737613866346166656461366665626636393665623232313837373761343962663763363636
64386665376335333566626138653231643230306363303336316232306262363164613132393033
63333830356366616465636234626261633332376137376337333836326532376233663161373664
32636432303231636437393030346265623766346538303366663233363339626664353766356430
39633839326665393662333164323033363562666535346166313465623961626438666430393162
34383032303732393661353537643339383333646434333630653966323930646634313632633366
65653165663737316239353730303137366363396436663162366139353433613562313930623838
33383861356264383633353737363638316165353539373432366631383266303736316638323137
38666262623566306661613334316564373138386464636461623861613464313736656139393039
64396162363936643262653738316534623933346438376435316461333933386535666161366135
65633336393035646635333663393430393432663763626432643731623465353938643361636162
34623062356631383230393161663639383739663738356236353264383863376665393664383333
61653435383764646334383539373833636437336433613133353330646232336238643730643163
34306363386666613139636634336139373666366438626230393031393131303866396638656637
34613563386136313435656130653138643430663162343162323731356263636239306365333536
62326433366439383431303334333439396531383331333064633164666230353635633837346538
63626466613030393432
