$ANSIBLE_VAULT;1.2;AES256;filter_default
38333930616134306331653738313465306664343638326331656633303431663539306638366532
6438636262333734623438363734353463383138383735650a383632653633303530343662653731
36653133396139383464363837623637656337383162616362663432386134636266666361616162
3031613264353836300a663163613734666463316631613737643037323738303030386131633134
33666638656432303137633731376139363232663139363538623064666232333733323039626264
38363238333062326164386439383738386537396361313261656239363630313761616262353866
65633062666532373565316531663162356338383930363739663561316537303163373838613436
64333162336166633430663765313239393731633139336331316330376639303565306632643636
61313439393937326463363936333338343230313664663538653535393532383461613332383530
31366530316663393434346232383135306136646137303135626336643163373130623131333530
38303532646335366338663537616564643862653461323436643332346434633534396633376533
64373230666166616133613332333838613665306161633863656436616561666638323139383866
31353034313061333033623338396137313430666638643139646232626263623330326333636665
66653539366530313333633730353738393031303932393836316362333434303834336261373232
32323533653333326664656566393232353763306339653831323137666431623166376432386562
37646433613038383830323730373364383731336366323036613638386364326434363963306135
63393466376666643963363064306533333161646332393335323664343665346561626461346136
64333463653639633137393065343065376465326635343630616237373932363062653431303965
31353830323766316466666639376434396332373031303931613332323438653861333935626331
32356363333537356563653862363631666635353036363436626462383939666665613438633633
62393061656334363233313438373930396138666339663737666630393938336135653561313666
63623737313834376234343131646264356637393134346663666434303734353133653430373266
62666533333031353763366332356330333632653138333237653530623039323636623565396566
65376530396365343865
