$ANSIBLE_VAULT;1.2;AES256;filter_default
66643639386462336236353437343633613538383766343338323431303566386535626566306332
3937356437313431396239666230353566393335316535350a666433343663356661376630333431
61623264336361666132613666656331323966363038353537343337376263303362316332353832
3366386638653933620a366465313536656565663839373338383132323430373238656334316531
33613061326664376237666230613930663834666233373561326331373331396461326436373161
32313138323631653938653331373934353331303738653830346366333063653364353363323130
63653561656435646461363634643835383761303763353238396239343730653434626437306565
33313363323737363939343765393136633533306661616431643634366333623934373931626464
61343265373663633338343363386335313138656266663031323331646432373361616135363066
37643731643037306538383664393639303061343335653566623437666239393466376562383364
39353132623231393534363163626530626162366534643762383536393136323763316335653031
35633030363631313431343066306264386162633261343364346164333765346533643864313137
36323066353138343163326638356461623339303031363964636164373638393035303935316130
35646266346334653631613066643633303166333166366531633262306536336638383837376334
30333538633432663564646432306662643539366662383430613562363666313737663766383063
64643564616564336539333939653533303938633739353966613764343033356538396566366661
30333330666366633339393862333634616563383561306130653431666234633732383835646665
62333037633865646663323663323036376466663835613932636337626336623565363836306235
61333530316531316536363633643261663761313166316639316461633835393332653135613762
61656264663930626432646262613732313936386631303336376665346530353636636131623263
65353535646636663038643965656136303661663563643230636566303932356263663332376138
39373566626462353037323731323262353561353635336334303631633137336636376266393631
62663131396364313731313135326464666135373434653135313633336632613166356662323838
64616164313234373939
