$ANSIBLE_VAULT;1.2;AES256;filter_default
61343165656435363566323031386436336566303863623664653031623064306331376439653963
3465336534613135366233626230366566623339313366640a336266653232303239623230356166
34313561626638663436393066656532373461643233323363326437343964363565653035343765
6566333165373632340a643131623562646632353037653331323037623630353038313438343234
61316136643665313965626361653830346563613634306233613662656237623562653036333966
63343130323234303139663062613964353534383633623665623534613633333036343831376335
32323961323239393065633339363532313638663861363963376433323936353138303561373234
61653337313963646335623435323635616339323537613037633332656132303030306530663836
63626166663761396638373230663234343637633231663734653163363265666365653363396434
65333633626165633366636438326563646330396238373039656162306539386463663364393565
30636264656434323035323032613435373133333233386661616562643463356530633535363861
62613439353230316438306262333661316334303436653235323935386561653633333532353334
63373162383431333837363137303962333435616263616235393436303964373537393430313233
33323133623235343863366538653364303863663561336638633338353965613934653964613032
32616365366435306133323462303461663564643739346564626239343631343532613438386565
61633762316430373039396436613832323138316533303831376432656130393931616337393064
35623431343232656139323637386635646366343662626265333331666133383764356163373262
38383662613936326565396137663332313234656233393338653336326237303039653734663938
34323064323730336563356663343536643836396566656631356565343162303663316439636337
30613839336365653666346635313536623435393833636661643361386462363139636661343666
38346335346334666637626236396164346265663835616131633036346435623538303865326637
65616562623866663133326332386231653462316133653739616662623863393335636631643934
34343632623339313263613035396634363731356262356439386133653834303662346531633132
34303932373636393264
