$ANSIBLE_VAULT;1.2;AES256;filter_default
35373533643862333733373265616232316630613463643332303963313461313062323961613830
3435363838323465626438333236333937666437376561630a316161333539633735386261653639
65666539316261663132373566326661366337336663343038316163336138646662666137306131
3237303938636536330a636333663030326634356436663766666432363836383931323432313535
30386364636431636338303866646565316466663839343036343630656536363835613832303732
33316264336637646665313062363736306162636236396431393963623038313436363461623434
35373465626531653430353836353666303666613937616163373366636439306665306130306631
62366535643062643463633461643866613732623836383031613261313063633538626262656166
37646337353766356364373939313433353839616630363366396132653334373235613661316636
36626264626338303166363639373732616166393539373763303932633864336364633935376336
31333461646239333432353465363835333162376564366632646664333339626337303438306236
62363131393839633962393837336564646337373731343232656334383665633736653431353737
64303766383463303164383861633862356233333436623566643739663030623862396563326535
61396262393936323965643931373237356332626133303931323933353166613963643962623335
36323635636461376137393635366166346634346566386638336166373566643566643538313166
62356562343432333538306533633466623136363865323730613630373730643964333463666636
31336530343830666132386535363164373637383536383430363830313962346461396230316236
35653935333266663465363565316235346238313562376262393638313761653231313430316566
37373264623938316630383633366234383431316163663433333939633133623363616337343934
34376131376634323765386137613933306165623038396439393431343261373135306531336133
65623634313464396662613433366463366363656633363037333237326638366435373766393833
32613665633763386234386236646564326563396138353063653332393163376237383731663766
35613236323465623238393134646562623933353636633334643832636263333330633861373137
37643861393061663138
