$ANSIBLE_VAULT;1.2;AES256;filter_default
66336261383136393133646261326435323766653338353736366239336639323337376536323564
6436313434363165636138393265313164323137336466350a383061663437616161376464353036
61623131376663346563373132646562646562333635633731656336656165386538633165303166
6234636663306535300a636233616131663765356133626633313464633261396331386363613032
31393663663661323134323966656361653634336264316533376564613338616436386461616131
39313431313935323566376239656238363164316333383062623761336365343233653164353438
39633663363663323032366633383162616461623833313632333831363461646333383230623231
35646239323466353364353963643432613837363136303631393636383563316463313130303263
37616535363961643839636630376263326136313733653339343262666137396366636562623433
32386566326464366465323131313063616535336663336666313735623834366534356231366439
62376465343231646563643034623839343030396331333635396661626264653035323761343534
35396637656637396361323635303632633031333062343765653336616465396635366530393834
37333866336465636330303139313936376133643131653332326363323730613533303864646238
37333835626135653863636563613563343533386134663338653333666665663435616332353930
64303632346665613066383235303165656333323864613230303137383637346539636132373632
39313834363239656162373364633361633161656466343330663135363837373365303833663132
34323930383561353262383739353263666230613933663130663234376336363164353038346233
61336265303263646230643132643062353137356337373435333335306638366332313266366237
38326365646662633731383930643437666235333665306130346538363464633131366136636234
36336331333137386238316234316534633134353632613233376262616464343939393962323234
34383436623131656464393063373261616638623635343765646463343439613730633936636365
62343338306565376133643939373562303339316562396438333831316263356663626133636136
65633833323262383935353965326235366639383839363736323838613236363965626332366232
36613231393338393931
