$ANSIBLE_VAULT;1.2;AES256;filter_default
39623162646333346665366361636533326437393235643965393333323530333538383038393731
6164313264323065346633313035363830636238623939610a316534346332333733306664653130
64643834643237363236373438353666396362303334303966366361323831373261653231333830
3635623464396661330a626165366566376262653132653366396265343066663262643239376165
36663337356434356533616364343035666665396465343232626632363666313434353763323431
36353235353833313365613636313538376532313139343338303666306562363761333837346531
33363435303466306432633665343236613530633238646532363863346263373636386161393935
62663864623666393038663930376130613365663366393362623937303735353465306532353266
63396465323932613732653439366131396132663535323739346666326334633230666139663465
39366361323764323432346461353833323635633439656333636235666139636630313962653864
32623931303439646362616561383962313139663062633661313563383162303937373437313631
31313730326235366166376630353836316134353938633561356136613862393663633934663538
62326430323235373231623535333966653739353531386264313366643032656637623965323463
34666665386461373363643633613763356462326335623564303235323632646663326361313330
66373638363333613462303066613061373134366264303337383739343934373465376239356366
63616666666237353930643736313132666562316164643932666336363339313534326231323165
37393832373333666263656238613062343338353664663061613836613136653832623364303839
62316233623531373666656438653164363439346530393633336137646333646334643031313266
61643934373331363134383463393338383865336536643033313466636264643066636366613335
31653037323436363431336265336630633166346561336466313731613362616539333734393735
61363464663466323862613138633139383261303237623831613062373237306566323338626466
32626530396461326430643363663730623364643830383933346561393364663330666464316233
31346637333539303139663535373863313065306364313832376162313461396438333961653065
33633735373133366539
