$ANSIBLE_VAULT;1.2;AES256;filter_default
35376361373831306166663236373037623561326261376430356461616432376532646138313733
3838623430336532363538373836306637626334636238610a613962663066663637656264356232
64326230313835383362323736626138636635336338643735306634363735626438316638323934
6264356262323538380a353033303738366535333166383662636231376161663433333531313039
34393564323331656634653636363530653330666330656631386366343839613430663865396465
30663833373536646261383236353535303966316239653264666165336231623465373264323262
62323535313733333862376433613663333236663132663037343863323139393862333364643834
63636262656632366437613139373665623262666566343430373465653566663834353637353062
66313735616362373363373765393363623837323434383236323830363264333031626234366562
66346336366130353866343632303437363538633233643932313838636437633761323039323532
31393735383433353264353262646539353836333565613234636566353362383663353562613339
34656661643561623137336466356539393137333537653166336434353836613861386238666264
32366238663331643032323438363361653964313031633535396137616461323564643863666338
63373932616237393135383035646132306166346630366234366632653638653964346536396339
30333334653763376330643362653364346236316234623430613537326335303434373532366561
61366330353030306230326235663361326439303534313764393963316164363633396463373132
37626134646666663763633064336464316632323232376461626263373832653439303261333734
32356533356338633734333131643433373666646366323438663065306566306539396366343332
33393033313366323137366531376535353735343032646131613439633732383366633931643037
34633938343361313936306162306132636637306530636665393933373865386561613136333234
38336437643766373939333764656565623161393830353461653762633835366437653761303232
38326139643536323336373430333230346262366138613634353439646362633831336635646230
65646638656164613565623833376236633963633566373062366364376534646634613337333663
63393938393761326662
