$ANSIBLE_VAULT;1.2;AES256;filter_default
61373833313437313466626262396564666232383638393235363864663635313462396265313066
3062366663343139353064656664616462333437333230330a373335356337653631333566363131
39623332393261326632663430656662373031353435393562646530383033363564313665313165
6564633764346262370a343365366337383565343039326334396139623539333331306139306138
35646634633962643663383537616234303862336237356464646264613136623636303230623131
30323162343037666533653338376139653464623531646563613166376436636365316330636538
66396330306365363532666362343034343866663639636463303434666262306266313630336338
39393539393365316461616139643839626666313734336638343732336138336136373962326435
34663035366639623037393833336235333834623135313765303830386161396534663239373630
62616339653662353530393835323637663136393335636132653232346564366431356531363534
31376235393365313631636336346261663361626330343830376263373465633433336163376438
30633166363932396562643531343936313133343035376263393039633439623265383962623331
65613433653336303831613337303162656132626136636165643331653662663132373965313530
34663137396336623035343262323864663838653161623531303163346231396638333530353863
62616166326434366539663363653832356133656565336662626330316233353730303465653462
63633135383339396231303838323464653035373961353366616465636463373864366139346438
31353166663234363234313866353831353432393636363336313132353639393638363439323563
36303232636238336431643639333161333664663866633334326263653030383561613632636437
34323165373136636363353764663037316239663861336265383534643138643364613061356161
33353239636135613634656237396561363565613930656135656533353339653932313438336161
35373833356662303638303637313239663037393264343564383932616235313830366534653062
38653138386637646664313435393830326139643462336531346538356238343837383165633838
64383763613663616232616364666234396365366634316436323235363230336432623039363530
62346538316263323666
