$ANSIBLE_VAULT;1.2;AES256;filter_default
37356563396330343331613434363265643263336532643161356236633630336336633739363430
3930653234613161303330616230663135303962383564370a646136663339316231346366636631
66376232646332643238643730356464393938623138303836366665633735303435336235636532
6336306237313132300a616539346563336532643336356230643064613337366630623634383538
39623236663737366535623162323563323361396563303032393335653361633339336234393930
30386533393632396561346263336636333434376335353837333832306536636135343762353830
66353537336634666635343064343866306363306364663334373232646361623464303863363239
30656661333565653334303666643933376666653065626131636236303334613038653639636464
31633361303432363732303739306137323233663132366363363432616565633937653937613661
38383036343339323338623936343030306462373034616235356136616234343532636130363861
64313434313430616531643337353934333766616433356464656661663066316638353534333162
34666338333635656234633566643161653732353735343263393434383037313134653264643162
37653138636664376538346336646137386435333264376337643431643762336136343765633037
32353962393737323530383538383730346266366362313139306564623030633332376632306433
35623039303237626263303661663630643162346135356332393137363833393633373366323138
66353032633934613164373265666136643739363332633131313065656161666662626438646162
30626465663335386665303530396631393932663261663665306339313861366438396133663739
62653634386535373437366233663532373162623235633733623930363934346132383838306161
62623837313636333763343830633430323361323264333266353761383831613530343538656663
61393939643432373832613832396639363162343035316262393765306335323633386236383835
65396363343039613132653230616534326461646432376135316638316665373437633534626334
31663732623135666466656463326136393861346162643336386235383638343233323664366463
37353635373364383831663662323166363962316566646332323832656233653939646332313436
33326664616130323165
