$ANSIBLE_VAULT;1.2;AES256;filter_default
61613661613364636530353832303266633836343734643536396264383438356163356261383062
3931643531623830336365336637306637333731383763360a616565353639663135616461653966
35343739353836663136303164373964643838313332613635353463303265376261386138616233
3264653031613461300a643663656137333237643537383336386133303638613031383562396530
62613532376431323635363563303362336236396433653331346536373961353131353562396131
35373162353436656261666462613632326638323330343832636564363063313436346634346636
63336162306561643933636631393837636635303166623266643036653930386366653037376435
62643365383735613263306162626665363935393637393436346462303561643564306233636135
33376538363733653565633638366336316439363765356639383466323439623662363533636233
31373264303064323639303233643531646664613438383534333335613134663561393931313234
39353435356161656361663033653136633933343739303965306633333262666138646631313430
35353834313035376632316138303631653762303132396638613136326363383036303836343234
66356335316437633964666230373531343232393364326138393938303535363431646464666537
39346562633338353235643666666131613963396538326239376633666431303737366336393838
30346130616232376238386164636361663335323234333835666165633461383566323137313032
39366135643366613031306162313036666139316264643832343539613039613861383234633135
34616666313738623732343366643233373566653566623465656661616165323563366265653462
63303534616638353930363966303366656230633838356564323563393264316436353335373633
63383339666536656336643539313530323732333637383832613931333638646663326238346365
61616237333237613837396133313832326339323361316231633731613331333837303933613562
64393962633032326135393464346438376231393663626236623765623334663331353036636534
39393462376261646338366538663035306131386161356365646361623662346332356437626338
35306162353565353161333261353763656531656138623830306230613137333634313436373838
32316565396561656335
