$ANSIBLE_VAULT;1.2;AES256;filter_default
61616638623339373863383030383235336134353535383263366134376561393732633761313034
6337313038323036316563383733363765313531313736340a373930373838396161326135373331
65633365656230363463663830326264646234383066336266666535353136663462316361656263
6235623861393936370a646165643066343535383566313931376563376264616236376232343966
33396338633765313666353630303235376532623839646163323034656330366663613733346362
63653430363665356366613337353066633739386435343664303065356263663666336438393665
62346462663138653162386239316334643462356435326538663238316639666161623436643461
31633534383736323666343065643336626634383336306633643033376561333966333933386161
38626634666431303732636133626139313762306331643930356537623836326536363537313865
62653535363639373133643161306365666234363035306466323934336433343638616266633034
63643735623066613135636337666138393865636262613563656433646533333839393933373739
34376131363166633033643061383937356335373964313939666339623231623466336636633063
66386463333137636130396361643832323636373466373761646161386334303536393834353433
66613138663062643834386536386630646363383830613238656565303336643130613664353638
63303265373432666136393233343734633139373064333936626633396662323638616464396338
37313165323731306662653666326361643764346163663635323533333139306661333136326437
65336432303631633938393233613135643336643135653238353139353234663065323136636661
31396362363166643134353366366639386636363133613131633963663864663063613363643233
34616437383931303534643939656234356437376531626365623362333334653337613338656439
31643935346237616361363536336633643461643930313762633637326562336263343665393433
33636566666365613034656561333461636330373162646639373362356638313532353734333230
61623830636139373161373634343338646361373463303937623563303066366135613435343438
37393532623031376461623737663338343261633135316634353931313935396461663735393266
39323831356336643638
