$ANSIBLE_VAULT;1.2;AES256;filter_default
62626563303935623533376238313964643862323435353266306565646538633738626661396163
6136323839353736303531623938663730323237346262660a373137383734616335666566303561
64373435623836613832346663623266633965386161643365653663316138663866663434643765
3832663264353863320a316333353738376137663833656333623937623836653165336530376333
37306461303038623336626335623933336665643238613061313763353665386335616461633463
63373063343638333537333839633430346337663164663966626362626439313535653137323965
66333361373834346133373263316132653634373161376539393231373037653439656534623863
32363335663432663264633363373030663936633433343265373063346465643139623239363638
65313762623934323666376537653434646330323631653534333362633834653365386565646436
37326137663364653338373065363465313666313534626136323232373163343831663536346165
36326239613836343434373138623530363832663734323638343463396133643039643666623561
38646166343537393835616366326635333534366264383930633365383234666632303063356165
34653738656365323233643639623065653334663334306163383866383531373039626531303962
66323833656138613130366133623031316232376263373135616138356636376137393266393166
33666131363064363730656134313165633731666462646663343236376436353732613938623965
34316137323238306239326333373861643866326634343535313539383761633430346239353064
38313766373864643333613164633562333230633365393535616564636638336633386566373039
38373637623737313866373538373063306239303135653136313966633534656332346134373636
64393234616134343663346136393036663830653565646365326131303365333263313865653864
64616538313763343763613238303564303639613866626133353631323662336134393631303063
32666639376163653430323431663861623035623861323763326261396465623831613939383737
38393935373330346139336161633430626465303261663839376436356435636266373439396438
37386333656230633138633562343636656238343233383232333963353962386336323937303737
31353437626632333535
