$ANSIBLE_VAULT;1.2;AES256;filter_default
65323363643237666632656466393236326264316533326632386337343137303361346663326537
3666373931306663626564346537326137326265626535380a653735623261303932303764666365
35353732636633333836396632303964643663313733643539643537643063393634643864653864
6434646162666137360a633064303761393839306531303562646338373761623261373535656363
33383333653561636130326136333235396434626231306162353365323638643865393762653230
65633335653165353965633366353039643963393135653238346363393430613733623966376562
62333334336331643738633433643032373264336136643335303735656636363034666230373561
34383639383935663535356438616161383737353231356537373437383832366565393266626564
34316632356664623062643839336431363963316564316564376232353764376337393165393730
65383034316564393837363538656536306464656162613837303538306135316364663065636162
30343136323365353562646131306537346664303265316334663831636532303933653732623761
62663531356535633362663663633834643930353530363039633963616438633335356561393032
33303763333839323937626234666135323833323662353637323338643166363236313336363737
33393134363433313931653332666333663030326238396232356537336461323130353735636433
63393730316464376538306630353932313965323337326335343035646565623862623334626336
62326532366561613432376662323963343934613332366461653862633864333032343162343338
33343430323230366265353864333230313534326264656439623932646431316431323930373935
32313438353065336236626333333765323338373162366332343334656139376161393963616164
37353736346363653232623236656662326431643834623633316463616534326135323164313738
31613266336632373364373434303063623930613939346264373035306433643638633665656162
62666633313930616635623062636165646637323761373130393532323035373861303666393831
66663038346365633665386130666630323662333031383234643936666566633933666336646136
62306238326234353939366239633766366464343564333833396166633134316561376137386533
65393637636661363636
