$ANSIBLE_VAULT;1.2;AES256;filter_default
38343235666363353032383639393730396566343830336164633231666637613565353034383233
3436383461393732366435393863663137653930313238640a663738333130653366623866333732
36646263396433336639336461616635326638656337613263353062373432663266636236373563
3661343437376231340a626162373633323263373363663135646136663939306332626633376561
66386532636538636135643361326266326137396563626436306630656664306562653163326333
32663764363439323964336661373566613734363038646164636134613334313430626531336439
38643738333962376163303539663962323462616464636439316131383333353032353731363163
35343332363638646561366333633461393633333437393164613531376165636662386334626131
31666630363232663136353163363561663061633066346231393238616130346562653332636637
34356136616536303438616365633634623864353633363134333231613736376435336530633165
65363138353432616566353434313262313334343139313765356239613236346132636332313761
64326536316537613337316565363035656264343238333235343534656331303932343432303935
32663730346334333531376561396134626261396433353062633635356337633539663737356561
33653863303762613166653233626237623765623930633233353938313563323931616265383433
61646462663839386462396236313335633965353264353761316634376435316436326533373130
34356431323830396232663836363939646133363363366636323638646633313430356365366266
31646331343730613936313165626439353131306537663564353133343739393532373635376463
34613561316533623762626432326536333335326534366636666366663031653761363133356365
30333831323635656436316361663563313963376465626262393137663861333261386665646330
38363537306132366634656239373464636130613036613362653266383435613831303663656633
36626562333838653262393835393839303439363165663564333062646330663437323334376137
31373264396662646666336531383033396566633766316539663534353362643361306365636631
61633533646134353364303165643737376365643564363065323131663232613037653765613035
66643661323835336434
