$ANSIBLE_VAULT;1.2;AES256;filter_default
36346237663363613466633666326439623266363264393961323439373464613561383630623933
3662373736373161306139336161613863303566306330650a323331363339306237616233313131
61373339643661376435353034633134356662326161376261646432636339346535343236386361
6666626635353666370a346438323661663636386430303163363061623236383730613732396665
64346633396638373466303139643661393938363736303038653639636266663739663235373664
33623564616361383830636530326362643035333662373663313533643365346638656332383938
38613531323136333963303366363535303836623634646434396537643539653030333534313935
35633964613838383935313234626564373830333931663830336466616239363439353538373437
61396664363430623362366133396432636564396330323962313864613334303833366264656638
65323030623231663634396164393130333931633363373461346331336465636566306339336264
35633037363962326533333833333265333337383633663664383938623030313732356136313635
37386235356263616332353131326639356266303762323261336661316163383065383137346466
31363337376636326338666131313335623464663730363561356566666561363565336266346630
63396230336663323533363334613832663263626261376464623637396436623432343661313262
34633163313962393334393133373563626164393037656432333331656263376535306534613835
66333466663138356163643465616462663434366335316338396661366233616462636461386538
33356363616435643638613838346563383839356136636534336633623230356264636465306261
36306132613537653337643837373932366233373233613265613961313432666137336366363762
31376332653462613335303163303933666638353765323738626136303864373334316431323339
33376631333164636166633231346333623030636132373461653732323236663465643530393333
62373761356138623233663432626135303430666137303232323330386536656563346632346535
36323533616330646263633462613034663434636630383036313835316633643034653832386439
33393764633037623164313639396362666164373039393962646637656637373039643135643932
38643761356635613163
