$ANSIBLE_VAULT;1.2;AES256;filter_default
30623032356161336639386635353232303164333063366135303933373263353661383039386237
3833643637363331356432396166353837616638393261330a656239623565333265616261383235
32633932303365633634383332393935363532306630306637323934633661663038376361316465
3966646163353233640a313230326162376639383430383933393062616239356232333536376666
35336230666232626232353239663364663834386538333330323931653230633764306638323564
35316238633534313331613237363035336130623536613035346239386539303234326661626339
61383735653632346233626265366439326664666635306430373230663639393639616461346334
63656135303562373936613864346632303333386162316430613439633832663666383133393436
63643063323162303631376465336133343437643833386339643336343035633333613233623431
33363331346164643335353135306366353631396331323338343034663631313661633466353965
66633235663335393863363932306163313761613339623235366431356332306139313135313135
63396334643936653530323437316633343934353738643438303036643938663634353863336466
31666263353633356639613965636464306261646361643835646232653965373537643937393933
62363934353536373339343735663632613533643333343666616237376338356261333139363430
33333030353966313331303234623239373463643361336433303930323161363939366262313066
30333133306261346562623132323035323331613164363735366633623233663561363334353532
63353933346434383736613936363266396463353164393335346437646362633334323334666535
37626133613734306631343632383833643563393264383738623365323335656134643437373039
66623164386661616162653337333638663664303439613138333162623932653362613834316434
65326534653761313961343335656237636237623533623837313633323838366131353837363863
36343734366236366138646537616333666334303432346265343533666361303563636130313432
34333064643931376661346333393063376435396264303730646666316334386234326333643465
32313331653664326166663033303966356662323261353266636336626265306235343839376132
66313061613566313266
