$ANSIBLE_VAULT;1.2;AES256;filter_default
33633537356337333261366665393437386337393630666339366635393830626261326563373464
3930313336323665333061663764373663656364303232610a373763376561313638323531653164
61653736333563626464366362303364323939623733616364323765363039623139323163306264
3764643137383734630a663765303334653061616139346531336339613762343533613734383839
35333266396466366463333033303763383838326463383935643435353234383837656335343538
30663362326438366132386638313131656566636566313162393665356330313037303738333836
31376138333732613839633938356261363539316134613865373234303132636462313937613766
33643631313063643632626665323632316134353532666337343462356265326434366636646566
38643864303230306631333130613932353265323066373666386465343966373134653837333365
39656163313136326364333031383035666535393662306365613639383164333938356334343461
31333637386637643536666266316464643364666332303931313331363531616238383535356338
39346166396665316636386266373338316334366366343866336665623836346333316661626434
39373933333464306532616638383464303161353037353237353266653363636436663962646666
37643034373162336561366465646363323238323565316130623666623164613131346633623763
64663262666337336135373434636638623432373935626635633565613262356164353636306533
39633039363435626634303534633862653633313037343463313630326564313936373066623638
33663635353561626230386330613763356139323732313766303166653637643735326534653830
39303537343062306330303737363633373762613638323566326437313166613762616338386136
39343038306137383562373334386634346165323638626262386132333666666566316564323537
35373838616562323033336235633139626132336436633361303832373531323063356433333637
33623434383039626637613931373433363764666436353133343132366364633065646264666463
63643134396230633835336139363563393337346264323033656263323063396330396437386633
34626361343065393937613532356162393831326533613935653638373839623132373366623663
33363162373865333235
