$ANSIBLE_VAULT;1.2;AES256;filter_default
65316363626235363130663036383836376434646464666465326539383531373339313537623930
6364613135656638623665343831336639356134343131340a663837306330396538373963313539
62623234653231396131316533643363396630613732326338353439333634666361313865656164
6331353131323662360a343235316263623038666133353365613535383763333332363663353138
64613862346438623762376235396166363665636636636139396335626336343234393635313231
36383036633264643238323561663839386538326331633635656236333732313336356265643966
36396633333761333963356235343034363135636138616232663534643330336433323031376162
63386237313435373733346630343039613337383565356335336139343466623161633230333931
37666436363332383637323433353464353930666534613365316538353734666163616137663534
64396266633365373761333465366333333739313234663137643530393262623939646233656431
33383638643662373233623763656361626131376435326632663066653038623934633861353661
65313633653236363031313462356431316335376637356465333965373035333933373730306339
62306336316563613233653838316362613065393264643165376530363363343834366564323363
32373432306531316535343132366462386264636635366535336238613739653236393339353234
36626266626537383232323233323833346638343636346632393165376435653964313666663132
38643038666666373931613463366466396433643161643935376164646230613038656264356262
64313562356134656334393439323162663034386465393837306364663037333963326661633366
62313464393164626235343133623266383933346332303464346362363032336265643336346332
64663463366333383164346230646532656162383431633762333230346630386666306566343538
34626464653234363937623966303435633030643734393562333761323037373764303631326135
65343930663466616561373131643734363939666564653361356131343936303563666134333966
37623030623730326563306234346533383165663236663730393961663462663064333331326264
39356262353739303237633435616561663730653535373736303964336533663834616461363434
62316438616138396138
