$ANSIBLE_VAULT;1.2;AES256;filter_default
39353666643438613532346635336637653562333665343137396331613636383964346236326235
3936613866393462386139646465306365353031343063610a393837383336636166376231636139
31303830366161323938323764323838616466613436333265343732383764363262623338633863
6634643531333834340a633033353431373264666330356339643062643738336131326566356565
62336463343839303832663631333865373263616631303234356636653638323839633061653265
66366333313831666164356534376533623363323361353736616264643235336636326231613430
35363033356566643731663666346461646238303937623361633938623433613764343233636662
34646337303130376261323662313335336235306535316465356362363534363964653063343230
38306332613635386165643064323961393231643363316463393662393734353338333764636664
39666364613863313836626335356431656230346237343362386332343165326235393433613065
32366566653264303066333535626637343836333461666164653431646631303264333237636334
36336630363461626161383637643333623439316263393961646237633664343163376536373439
37383337356237663962393262626233656465376466323634653865393866653430326531326230
30323436313263663034343035666131373861653938393561393662636662613662653161333632
36393435633835313464363736393037356238343262383364313634323338313337356239376631
63343936386566636164356665646230373339356437356231633637633736656231333564323634
34656131623331303763316631646364623635626434653164313535643063323235376237363533
34353533393630333765343833363339613030626138326538333036613461636661363830373530
34373138663462643431356135623565303434353737653664336662323565613061663535653539
63623539373534643265343964643339666231623366653661396137363166643663653862643132
65353130643866323139646431356366333432633933623163303234626132663134353664353936
65396334396633386536363631333765336638623436303563393130323932616363306634663765
65373639303561396138353963376231323530623834393036376630393565373963376631343537
37323733643737633637
