$ANSIBLE_VAULT;1.2;AES256;filter_default
66643932303762343664653033386661663535373366313261303534306166613764396338363534
6362346236643238313233636365663561306666383030380a366231306436666437363032303263
35623530313832666337313065313863313461356237633834356261633964303033663763613335
3534316430663365660a653438633063653765303162356337653330373566363039306632636632
31656531333331326131393864366561366564363634643033613231396137643232613739653334
34316466313835633730636161383861383838303132346639346632366163636534653433336166
31353065643139653166643133616264643335376133326334383039373765356363323863313338
33316566623036383466353261393938646537363066363662633665313937333066393331393962
33383937636535303939626439383932613463383663663266613936623164303362616563373463
32313731636636363663306238313030336438333264373763323864393162316334656531326565
38616230613665363831333332326132623266633939346534666138376361346534383539383566
65386531653530316336376566653636333636336164643262633261386636386666303238623430
38333236386561636232346564633638653364376330393363343666306238326362303131336165
32326565626439623961376463313239343430326164376530373365366564333434393361323266
38306237656433643939366565313863653966313436653664353935383166373066613836333734
32363731326238633765373261323766623663643238373764323662343937656234366365326263
39653831376363336131623433663932656235623433343465313764333533326136336538633537
31353364393131373164306165333435333363643531316265653839383836653838663365656536
36333431656161303264393563393835353131383032646566373962623266383833613866653963
34643233386164643839356530316566646430343264346537343031666536363366626136386330
36346363643936643836313337343434313939613063326132613839613138633035653765616136
63653833376432333531343430653239393737386238313431313839646265613036323439663034
37656435306264396564633565343538353961653532313765393033666162306436336132323233
36366131316338393738
