$ANSIBLE_VAULT;1.2;AES256;filter_default
63326230346438336534346563303439373832356139343664303666343635366635313438366264
3037336336613139333062346564396565336238333566370a653863343336376164653962366139
65373862313939666332663362356130393030343462636134376565663931616634653031393139
6231666631643033350a383865623766306131353265643663316466333663346635376537363938
34333233393533356437653432383764336566346339323038323761663030326563616436633539
38636430366263353937343864653231623735353636333666373665633038643566303064303932
35356364373165633038333163306534616138323535323961663536393435643536643565653633
35663137646537373432366464666634623238653433356133376465613332386538613932373635
38363734356437616362353236336365643566373761656430616239656238396263663730393563
63316430643730643862326233316538393832396262313337333064633838633734366636316234
32653430613136363739646366326531383831613231643733376464373465333030653863656439
66303634326166613836363063366432653763373037636537626330643235643037663163633636
38316439383039313063646564303663646264646633613962633039333632393637373831326134
33363864326261633837393235646138623964306462666366643762393662326463343964633639
33313633666639383136306237636561646564303033353634306136306632343162383465366236
30623262383562613334373436343963306630663333616466653430616533666163333835333334
33623136356433356239663161626466336562313664393262383536313531626364363032656437
38323832343538623831363964363833346330616337326239643030613038623437373632353764
63633763336161636634613234616262346436363631626164396337653662333635376536363864
62346162663463303236303839666232353234373139303763653634383832323964643136633463
36643863663863333939393830383337386234636632613338396336373831326462353532313633
64653939626130383434636230613930383239626435393532643137316235613634656564666437
35303938616236363632663766663131366537313939396438356461666530393130316161616664
30316666366662316365
