$ANSIBLE_VAULT;1.2;AES256;filter_default
37306530643165643338633835396561633938323031346635373434386163663532626336633038
6537383631353162326534616236306533623838313532340a313366663938326137633463613832
32623361376335373134386236666161393861373730623665636461343561316632663430643665
6432653230396162390a306337313136663530653435336335666336356633626632633938373335
62356363313063353061646136623764333231313133663561366439393137356465356663636166
34383732626566316238363333303963343335613530636632653932633135343439623638666332
38383439633037636234363631363033333139356535316262643732633963653631303931646630
63343933333436356234363939666232346139366562633231326639626233643963616339343965
62633634346663633963343136656666653030333037623536623635653439366263326230316532
39626437363735346466653636303433323730353033373664363535383861346132346165396362
64333038303932663531343165336437323036646266616636643466303634626433643964613466
39343664363762656666656661336366666530383361396530393562643936303464353932623634
64336465666632356332613865303139396631616530313932616362663665303131613861616334
30653130376365623338643639396636373562306238336138633336366630313761636333323633
66363362656139333965376534356431383130636332326331346563306162633935623530653766
31386431326162353339646464373439636537663136376634366638336430666139633631303165
34393532666134623363343536333830303330376538326634613161393637393933623930653230
38316464356533656235383732323831356136313161303836653839306661626237666363323434
33623164386531326530353964623261666165353134396436373539366532623131353133326165
65393235663164353562313631313661343832653839343939356365613637353061393962666431
39663236323535363930323165306239653634396463396633363662326433653266356334346662
62646630306366333063363938376337396435376166323039346132393339633133616334646363
38343134653265363361633833313234333738353265306431393463646663336430636366366364
37366564396536366632
