$ANSIBLE_VAULT;1.2;AES256;filter_default
65386335353765626131613766393666336438303261336531653132353961646535353831663239
3630386463646335653464316430373131643366626438340a663231626639306637363164643862
32346237383131313439366535393561313432313134623435396166373266363462306362653261
6466343633633266340a613662383233356364373438336335313461323232383939643264343532
34613531363066326566336538383736376535393364323461656337656538303337356430343562
30626264313333393839356631363237303562373239373734653666386130633365356463313336
33323536666338623661303361643163393165623233393137333231356464313237663835666434
32633762343530663461323935316162306566373431333238326263656430313038626333623663
36363232373639623734633963623430663131633766363639393437666432333730636463393662
39643433333230313834656262316364666339343039393935353838363234386136613838396438
62623232336233646530373930623365376438636238656537343234636261326161343738643932
38393161313665393833396435353934656338613931373563326231643035383538323131303437
36323465333134336630626430613464386135343130323033303336396238333665316230633539
39386365646261333733396535643664383335326632363338646339303266303838626234613264
38626664623530376531313439643666346438373861643739626533663264393035643139316662
66356534383066663766343333353566326665653365373239633538323766356637623964373737
36393632383363643665643763613766303266643765623134613063333663373262663438636437
65663034326564643761386138653437313865356238383838663662653032336636366435363566
32313238366263653037363738373534643137376533623264393666343334316433326466373932
62663034346165343034366539333163383266313235656334663264636538346339346430653839
65613830326131393030666463326532643066663233653531653065663039373766343638396463
64303334306133313633356231346435386239333262306633356161303839626531373532346237
39383238383638333236323165366637346338633939653939346232393165666339316166373464
64343666383836653933
