$ANSIBLE_VAULT;1.2;AES256;filter_default
33656266636239656362663166326334303231666331366234383166623439666237653837326630
6365396636393935343439383063323831636530653333630a653233336663386633636536653637
31333230396238393931656537623863396664643333353330613563313135633230303532333530
3065306434336461390a336332656239306332646639653666376562393936353266343834323665
61396263613334303666326164363164313634396334313832323666306434373632376339643431
36333333343232653062343737663663393238346361646238623534616635663262303064353830
32396139653465343637623934323435353637353363323635623034633261323133323739346363
39666231353831376235326438376564306366613961333061363038663966396338633662346631
62656565343261326131643963346631333638616635336562363135326335636332306330373130
39356433663536326130343261653361323464656666313532333165363232633564623461653432
61303162346661656135356130353032633865653734376661613136303864613530386539333831
33376239306433383034323462613964323234383735313664363231353437333261663961396539
65383937623066336562336663333564303636363564333234343939313061396535383438626563
63343066636234343566356438656464313534313462363537663738363666366631623231343638
61663863346361666331396132356538336531633038613963396337373865633563363433613864
61626338643539663031383465396565343765613738363134373339626166633261656462393534
63643231333836326530613036653931303432303938323034633463666461326436353732343830
64303765396466313263356139346336326166376635356331363863356135653230643161356561
66383630303366353437653862303134366138663231306561333337333134366334633433363236
63613535653637323239323938393330373435353061343065613238626362623939346236653337
33643362333031343134653337613834316464616633376539616366386537303937613433333434
64393862653638643162353033393232393364613736363937363438646261653064303161343563
37373134353137383666396536613532623535376139623731373165333364343964646433343537
64646138613164656537
