$ANSIBLE_VAULT;1.2;AES256;filter_default
35393361386562323935336562343836313133356437313732393033393866643736353536656236
3961613264636532313662373864303039666230383031340a613864623465623463623633373966
65373061333865643936306363636235656332366431643265313062356636376261646237616632
3164333434636535360a633233653335343534666566323035333837353262303561366433386463
62643437646332383233636666623365376138323464633134663861666133343132613839303534
31343739616230393430346337363332383865666335393537633061666131386332643332356466
39396564616537326262353136633063623337666436396461646436313137616638333465323765
32353663333435323062363961383336663031393762323532316334363536656330633338323635
33343764666632633239373733366161623531353639626636336336343262323366393033303832
61613632613638616337376434363965613036353433343936373837633363393939356532333731
38666536393332653465336132383632646337376232333839366439353864353534653062613464
39383665346331333265326163313338386566363163316162633133633062663865646638336465
61373535326139643830363930643766363331326230336531626461646364313262306338306330
66373935393139393566333965346566383565376335636638336331356230393930383733623435
64646335376137336565663264366135343362333830323233336665376563366233383537383630
64643138326238633838653536363464396337363761666562333364333735666663313737326231
61646361616639623339333533386562633562383965646662303161366261633035663232326233
39343530646138656335303062643739346237626638343234643165303136623130393961663636
35633534306362373262663963663630666539386462373635646431616638376438613365333565
34323637353735333062643234396532316636393766353332343866653631333661666462663730
37643661626566343037363565353662643866313431613330353965646365386265326332336533
61363633626661303933353631646164323262356333316632393932643034656362653038363431
33633765373635346539373533383834313263656365396339383832613536313063356361393739
30353862313364383230
