$ANSIBLE_VAULT;1.2;AES256;filter_default
63643136313038326664336365356633393563373834363462336439643061363864346536343734
6634363265653363663562313563323061613561393066620a666464396637316264633738376531
66633063633137363735326362333234353630303534613632323535643764633439643634643436
3631613637623666610a306164353936323865303039653263396134336661373539323939393530
63353734373833663238616163306466353262326334653066643236643862306366303832663238
31336334623263343236353736336230623364643839373239613631663837353337303065666363
30613466653564623931316261626533396261636432613061333561316337343261313638376162
65643834343264616231626162653533323933343664346135623161353366666332333331623433
65393261323636326532616237366531383064366661613935633933313164633532653735616630
64376361343732373437663836343131616335393364623837646364626631393732663461393565
66363135386463393566643964633361336166396264383838313230663935646438386637353439
36623564336261326533613334326435306132623535396131616131323639303837643030346230
61623637373731333639623436386436363866316433376630326230303736333966323066623837
65386235666134353466356136646239343461333564303735303831323238356231333331643066
37376333323536346632616234353265303435366265373161303262326633346634623838396532
64363734323139623930646230396539336265346162316161626562383039346537663637343038
64633132366236366362333537346338613934323132356538306464373437383630336437643663
62633866653464636133313764343737653734356334323236343736623962643330356635303538
32363239346137303031336333633231373863323639323137323138366663333666616530663534
38333533636438336133343533653563396434656538306162393830333364386335333836653133
61383438373535663566353135323166643033653933613330663931396564323031306430303066
65636238616336363533346532303562356233333362366264616232636266343434363631653536
32373037643561633962373466626264653932383962393433663463626639366134386430633164
62316264346464363865
