$ANSIBLE_VAULT;1.2;AES256;filter_default
37616632643832383762623462626562306264373666333532343031393261343432363838333862
6435616539333165633432333934346331353565336333660a626639613438386636666366646563
35353337316134656165393562643638396666613366396263633465623561643237623331613735
6132343030653032650a313135366639336532306261386331313130376366386230633539363534
39623066663666356332386435306661393666623165386264633861623764643633316633353963
31633832336235356432656530646338303564313938666338613664306532643538356639383266
64326163323038393235613463666337643665326131633934653037303533376364643762346535
62353239666235636463323636373962623838353065343832306265653763666436333963383736
32646337333432336136373962383137313737633066623832333566326366393335323237396261
30303330663464303961363166353937376432316134636230613033313831636562396233366134
39353061656335643638393262383438633533363735396132626336306235326632343062313864
37626465376639323433663866363764623131643865303136633966333935303165313430306131
34623466343135323032333264323663376364313331383036366434376665316532666366353638
32646461623964616465373462396363643165663965356261653231666133323466313235336662
64656231376366313537303134393362613630326637656134393636616633376235386462343633
32313261643561366332383262313538346538393332373035373031626337363264666434666132
33643139643663346661646136666132656335653764303066313765393230376466373764666634
37646265333334656665303831643236356132653038626163373438343630636364633736323535
37633062353530396465396466393334636532313233376566396330643739616430393962353861
34633132393366633263653133613331313662323962343965636237353934303533363539326534
64653165373232346462633631343161386163373730366364373338373239646437613933353239
36333032613065623630616638313139656665633135393365613661323666366566656533396538
33356363383434393637633366356531353035333866616339613164393834653038376633643865
62316365323036356234
