$ANSIBLE_VAULT;1.2;AES256;filter_default
66363134336435313863616365383931336665646632626136343661646230643535336630393465
3534316330343136393763393234653363383337633035320a336238613562626337336533376235
35343736313836643436383662363961323434363538323834363762306463376339333461353561
3339363334303534300a366361393463663736336538613831633264336663353237643939326630
30633835653036636164623665343034623733373639623162363231366662323165613162316335
65613361626134363938386433383636663534323034346431626533653366373665333933353463
32316234373364353966383161343838333734636665636536363764363864626163613033306236
36393238653537636133346437376134303738373162366535643962323961616663613530623136
31636264353330396664633337363864306232646162653134396236376631613131326462656133
32363661313964663731343330353763653338613362666634643863633333306434313232303462
63373961623966363630643833363431373338353533333838663963643364333032333466393931
64396534643365663665373765656530336336373863343764356639643465323536306361343332
61303235616663323238353631353038316564356165366232663532613431626236366366666230
66636362333036636436633935306135666236626637376239323836613362323631616635383636
36333763306665633733616335653539663463353066313263373362366139656436633639396337
66613934396235303930306430306333383131376537633763613738333465363932613234373634
63343535366562333730636231656232393039633338393865333032333839336639303162303962
63323334353964356334336239386263366237653239366466326162626235363938393338653566
30376239326331646331633435313635636266306265356366306334313638393731353865383766
64646631633131666561393538303930373263373037613861366334613034623139373262303830
63396231316635323563356236643836643637616138366564633562383739613236623837356466
61633633373239626238623962323832313535313036633335316631646236366431653766613066
32386565623165393766383731343364396232653063666138643339366534653230643630363930
30363836333039363532
