$ANSIBLE_VAULT;1.2;AES256;filter_default
30363562353236336339363236646166306233386562343665363662613238336639396132663634
6534636238396561663064663764383063363765623530390a373131353865613235316665343734
30666433313233373033623336353865383565656538656230646264623433316231633634616433
3939633338393532370a646435626165363133333136643131626165303534303962373035633833
66363332376465303561663435373765353066623535313837393033333837623536623562353461
62373836353033326130626265306162353562663638663538633036666636396362353933313639
62383361343139363436333137383638613736636563326130383839343936646564363463663466
64363066346139663439366164373365663931336430353461333332383733303338376534366435
30333935613634613733636230633737386266316561356334623937623939383165346166636664
39643637653339616637666339343334376261653465353539646262383563623739326434653839
37393936636336386634343237633735643233343766346365313961383936333661373937396537
33326265643062393331343764616165633335306439623733303938343334613465333533333131
63316166313265643665633165383938336131623761363666373531356434306433306234323937
65633862313339643361346136656130653436383538333064323135653866613939333331363764
34376163666661633464303438626164383166643666373137643338636162653831356631393463
36353331363537306336633366356139643432386637633038626637373339326631336663613739
37373362303532366438653162323431633333313965663637633138633635303937353135316333
39306665663963303931613866366539346334643735636264346332643563393462373565646230
36313065623761333961386264393264363534666562626232636337633837383735376132616635
38393566353834313561653062373738653837333963643834643337613663373636636536333065
36376637323937633366646138336561633562393039613738383765393932323031613563363630
64343734363131393537373466383764626335323038386366343930313362396532623134363938
36653964356664323562396563313339363163366334656665356366623732393830643634393261
30303463346265313934
