$ANSIBLE_VAULT;1.1;AES256
38636362393563626436343632666163343235633130326337336634366161343365363738356232
3866326239653666363831373231336164313734343637380a663961353165343263626261646433
64393336313136636430346463333664646534663030626364393839333866366362623833643331
6431386536353766620a323131306436613737343737666138623765313665363439343438623135
66363464663762653537313539313033623962336130613361366137383064363037333332373938
61303431396666313731316232613964663031313534313162333934636332313561316264656135
64366633386139653964656231313230613139343535623238666638303835356665333831643836
66653931636134333130396335646337336631313262626364376237313632373132623233343762
30353135363935336466623637393966633366383634303464373066396364613238393566323834
37393431646161383435633937656639366434343731663333356636323636636634313766353837
37616332366663363163663833663736373536656365633135346463376366656362623933643339
34663163396638326536316230343265316462643862643433303630306136633230313431343336
33653038383032393836346566343336396663386134646437333762346436643961646161663133
35363037356433653034313862383331303635666662306261333231636336313538623034353431
38623664623734336364643365646665366535353735643361613566353762313631353663623536
65633363323737646362316363353830616137306161313039643062643261346537313934653536
34373138616463636431393661646636373633343763323934316534643365363565366263346364
61616164363339613433323666373663393363633834613232633239356662363561666531373565
30343865333834656461373561636661333630383262323838653034636337343566373863396535
64363066313830356461633439643633346533646166303131666564656637623962663739353066
33313835396431326261366132376262633433373063366561323230366632376235386236383637
39663637646633633135356665653362613166663766393564363062333738376366313137366435
63653765353039306563303839353761303735356232643862336263373634653361386563663337
63663161373236343538396137356635323738633330333731383131313535326464313864346437
34653835383531306433316531633435623866663833666236326231663233356434636638323663
36343763656462383863653439303063363932663762353137656463353839306462643730663130
35396438363632666134326136386534303238346464356239386636623566346332313931363431
39303066613865646439663737633830663537366139373461383631636165643363326136353635
32306261363037663932356537613736613733656134376631636537393339326637393035323436
31316136646162383037373865373838656531613162633939326164613632363037656238626430
63373332356439383161643330356165393030353934393635373461656533323962383437666661
37666466376132643666663634363164373562636665386338613438396534336262393232643461
37303839313936306662333166373630333532323037653938366233313162616465326336656430
66323634323264396134346336643764363662343634643934383336343833353364363330366531
64343030313933633036643834363064653834306165316661343132353035316662363934393132
37613464663262356235353736346461393665383762366139653761666239393333313033313730
37646232616566326339663331383435383633663635346165613830346239666331303064356261
39333735643461346636633436363435373933383630656533616530663765613832303332366139
66313163316662396137663839643764373835316166643934643633663565653865343063343037
64376331646664636233346638323965313631306165663739323064353532653033653839353466
35306464623839343663623237383065313834316465633033353561633135333037663961323238
65353537323330643736393038353462306561346536313630646339323030316432333832626439
39643036306263396363303137626234366664393238643037383365373339653766633764386432
33623263386432643462306666336333623930346363303262366531636362373132646562636439
39366631326662313565343832303134353339346462313430343233333136346262333765643538
65643662663330646166396363393534663533356230636131643165636438386233663232353534
34326266643635643965353064373130653339303533353931363865386134663766306136656437
31656432353364653963396337313765653632393665633265633232343461353461623433346237
65616336386534623730336461396136366566316666376562393161616638356333336239656566
36316238326563333330386164363736366438366139383332653136633937353162353933633836
62393163313136613038303630633439353763346333393839353961303732386166346364663935
30346331303665623136613230376463363032383462303234343266666362383361366638623933
38343632353635653162363036393165383366393430323966386637306636626335343733326432
31646137663963353563346335383533373637333836316662383039323136363634653831343230
36356366336666316463626230303235346432346563393038623361373563363536633435613965
30386333383365643635633032666231393532386535356438653561343136336361633534386165
66396462303065353066376336353137383132386436616534393439303935303739333731366364
63633337373863356165373362326133663165626666653363376332333238633333303439663362
37326635613731366362393632656663353963366364633139663963306465303238333931616130
39306633646631663830366232313037396632653133616265326131313463643262396530303464
32336232356332663730343836346132313034306339353565646265313462323239303264363765
62313134653038306366363766373336376237653934313062313663323666316233623239653235
30633261646462313934373539323130313266376530313235373136376361626365393261393265
62303138383636613633306431353266343130626162333763623531393033373365646636663834
36373935356333346161303938336130353463373366383062323030353938323931653335373861
65643062383931366432373664346462353362303961363165366337326433383930363835376330
36646238633533303666656531316466393166383538313861303664353834383364343332303261
61326333343035356665643835356235396632313364376435303266646532643462666564336435
39383939366332653338636561383364316331356462623166636466333463336135666431396263
33383133353630303338346530386137656530306366643032306235306231616362316336383132
30623662623738343238363162646135613865316139623238333966373531373131363465653132
65353461353266393866613331636661363438336439396331623065383232366634623531633438
38303635653031343866336536353139383863326139306335366466376361333862613962313361
37313965643636383135626138323836396336333130383139393866336365666362393230343432
38366238313638626139333165643064663434386135376634373763663365663464393261373966
39396439363433393839663936323739613865323636346633333135376261333730313464636437
34396534636137356530366236623538386363666633336431336638616330373430393130663363
37656430613432336635386466653164626332306238323832376630623066623838376237353763
38343534363736383665333663353336326430386266336233623334326233633435336262376638
30376139383233663364666662383138333065303131656432393130376361623566306666636337
36653664376465363838366361333562343630376437376665303531313863623661623066363335
35663433313366376633313762643234343437663462333230366336663465386665363839363564
35623634623333626339363864353730306261626138316532383561353239323465356232343232
35393161626432396335383238613737623964626338643637626336333538326264336163636430
30313061656133613762656163373731363861626237393964653534373063356633643062623431
62303835646536363536346431303034363062333835303061373332666366336166396635343939
63336636373235653733313538323836663036303130333638613562383062383635663731373865
64333835626365646437
