$ANSIBLE_VAULT;1.2;AES256;filter_default
65653861383439396361666537393637366334326263363566306639356130363131653465303831
6561346338393135666130346436383463356661303836320a636537396634326138636431333263
33343235376662393164643238653633633561636239646639393432616337663039643033313065
3061666665313066300a623665663530346165386231383661326132306430303439653235393464
62306638333966386332626634333031666565336363306334616632653962643331306530343963
61623130653738343965613763323664666564386236303937363736343463373736626231336331
62656238343863623762656161333732353839373939356266643434623134313033343635393734
35656566616433326231326232373030313361306261636630643133323037353134363833363333
30646566303938613132306439653039306332306239376539666464663962363934613436313439
32653264306665616233653963623736383431343530313231343334626136346266663836366238
34633635333865336638343833623563366661663238653264353031363235643834366363326533
66386361663163383365333538313162626633613939376134646162393838326565396239323264
31623135656633373830636433353661623462353866633332353137353932356330323438343032
39613637303530663030623461636438356262383638653964346634353933353866663564626533
33623834626334376661303232623839316133623631666666633362646133636530333361616233
32373030343363346633646365623137333433326461353066373363353239326364623661383934
30643666336636353835373931656431363062326663333337366230636265323130363730666438
30646238363936656463646264636366396431666130353364316261313564393336646537353331
61336130333232666630633730393863326164353530366236653831643235653461386331313033
38343033666133356136356465626462613230336130326161626433366135373331663934623233
65616638373063383462643464343739353963363664346662323162633335373739653765313662
63303461333236346463303163366364656661383835326334383032313237336166616234373433
66363966333735663935306139323930636563623861383032353035366638363362386630326638
63626436396662333161
