$ANSIBLE_VAULT;1.2;AES256;filter_default
66343763376139326630633434643939616162613034313165373131333662303663363561396535
3731623737653963313262633430316432303364366530380a636166323633383166363537336262
64306532313839643230383137366561636336323662626533396335303232323861303133623364
3662336430373034380a316263343864346539666130663131643965383731303536316664366665
35616131373337366133623337656264666233363935616133633035636666363232366631646630
65623762346135366139393539656561633932643565353139613530376462333563326434313964
33656465633438613337323836396164356531376636643438383564323366653738633661336539
65613635656162396561306437346636653362666665656239303631663333653838626662353632
38353636376363616439646437343038396663396137653235303461656264656138396563336331
35396235333039653562643463643234626330656639383961653630373735353566396439386561
30386635623931646566383763383639313363356632663766623333303463303937646461386166
63633639366637663465353432323865376439323662353631633133336636353034363038336266
36356234613739373332643861356437656439306566363230353964653763333133613839643537
30656135643264343635666533333235383562633735623131653838623933303138636464636563
66316535366564336531623137633133373561313865626134346165646536366435656535326630
34336537613033646439333231306334643436643739383639323937396565346135343062313430
36306162666635363635303534643238376634346536386661313439373339386636396538373135
36323633643939303364386532656462613039313830633162343061316333323132376330386238
37643261386638376434636262306239356161373364383232333833313331613930386531383266
34666334663431653865653038613733396137623766363130363730383539376431386562343561
62376531336335666463313835326564653237376235643436633963383763343661633833613433
62646135363835653436353961373466623561356135336564623662313562306234353932313735
38363735323339383165346138616335373130616462316464353562646538383163376130653861
35626162303865313331
