$ANSIBLE_VAULT;1.2;AES256;filter_default
66323464663761366332623236313230393536656363626265363035313635616261313335623061
6239333031633266396664313065616233613564366233610a396163633738313462333535363965
66613138326130663931313764616261386264313138396137323664323831326436626164343763
6538356339636238350a393137313339333561373730363836633732613132356231316532363962
30366662366162356166363933626563633833343161333932323065636665663431313836333531
65346163383831623965333630303163373638373330313332666437393633636532666563303966
34626534346637613239333933383862383032396438326239636162353563346135303738393630
65343739343065376632376665623338643965616366336664666532633864366530316234306130
38376263366232303165356538633962323134393063643039336263336262356430653263616532
64383065396466386361313263663239636133353035383633616236663135663266373637646333
61626139633763623333663635353535666436346534623138313662613163376537633032623238
66633066306639396139326538616535616531303132666336663664663333303363656536343136
37663138626632313766323230396563366134633235363533656564333962313761336237376237
34313134373337356366663064633962353666666131633839376664653861363264313738336438
64383965363530343136373238386166336232616136666566313262636136383866646361636638
66626564373562313935636538643033636534336636656238313663626239343130373466353263
32636665623734613937373761386465613635363232323031323835326237616464663839313632
36303732333635336239363235393834663563663332346432346466663764313038373334383861
35663161303834343865363839383531643433336333323435646565633261626335323836666533
34383732393762663434653739353334626461636233636331316131373666623234643330663831
63383031386335643134346639653435303135313032323037613235613738613566303164356338
35643538616364666439653562353238383539386532613632393932396464306262633861353734
33616565653631336333643664336239666566336632383632336464306334393266366665366664
33643435636261393663
