$ANSIBLE_VAULT;1.2;AES256;filter_default
30306664653635383438393736323037393861666366303133623834383066373262303430383039
6134346361316330666264393033306336363065646466380a393433626362316338346361393133
62396565353830363735626534623734393962383132396565306661363532333565636134326665
6566306630626136620a333639353266393835356365633134323332636564363632346336303463
66626333626631643064393136363033326663633739376162663539646135343964653231343030
33343838303932653335346264313262363738623365383636313739623532623965356665623831
32636433303039626334613766396232303537663335646562363039373262633533313662346365
32346536393939643733313139303030663231643638363230373366623663363431316233333466
63363031346461613962656264653862323932343861356362333761386261376631623539343765
36373261346563366232356263333363643134623136363762386239623366336632333737323933
37306564616264633837643638633434323464323830623865656664353636323736333163386165
64363634316338613731616636613035343634636265616564646263363431646434316662646261
38343865646363313235396431313166393063646334323834393965383437336262616335316238
39316635626239333166656236663062623836386361323134326663373437663264653932366335
33363466653465633431313361373636636662303961633065306461633562396430373730363539
34306234356332313139623531626630653634653966313134636636656365363130623361356363
37626339663438633365383835303562323862626262376237646261643137373035376637613065
64396134383435656566633462633737343035636332356264646461333630343332376234366562
65653039373139636538393238623336643432313631663632623264376461303262353934306363
38343036366438656662666131363633396139336465663162643936346135343838363732326632
35613663633165363731343562343138303038613339366432346433626262666466633434303539
35623861343330666433323931646331663233333366383835323863363862656461383165623838
37373336613564386139646533623961653131656537303366393038366535356233333936313166
31383838366635376363
