$ANSIBLE_VAULT;1.2;AES256;filter_default
65303936633737633632346633366463386139383931626130633061313830326138373036626338
3966366663396638616136303830363536613330356132640a386266333238316566616561343537
32323264343035343936326131386363613633343566393164326539616133346261656533613666
3961613761653639640a343530666466343033613561386438383431373963396633313464393662
62616163313933623564373330313461386663356135323732653139666361646136333233316437
64363835333062623261663035303136393531613764323233346131663464616130653731316666
61366235613730656466663432616338616330666239373534386333313961633231343733636530
63373138346437636330313362316433323764313132343531613761366136623665653138386238
35646631613630393037303530303333666436343765626333626532363866333438386638373665
66636536316530656633653132393337396535313233306539333230353766663831356532643661
65626130356434386563353465346665373738646331633436323234323531393330616361633736
35343766626438333534633362663535353837343764313364653062316466333636363437316136
31616630613635316233633636376534373266666265313535306362666162353963346632613163
33353363373733663336666566643438663563373961396331313437393664383064333362656136
64376537323364313638336237616439306634623533396432623739336131393164653732623339
39663461333831613734343462626130636437336264646337323833383565376338316462313033
32383130316634313330643066396137303665633838643466383332663132356462353636623761
61326236363538353731353462646330383461393033613132303134393636353735356336393764
34313937323062363133306331623337633231376132653664326136336162356637353166666439
39396434353166666366653131633536616431396662316165633130643164643464323833393432
66323836353934303330356536643137346564356531613932323936333133383239623566383561
65383735366232356534343162326136303163356336373534323337353861663765343461396639
64633363633366326463343061663936363663623336353138393536333030396530386561316365
38666337376339386166
