$ANSIBLE_VAULT;1.2;AES256;filter_default
34653865313239643033393134363132643263346433616433393936383966353561393434356637
3662313563623536626163653137653030376539383936310a363830393332393432363464343139
39613137363563356331393432313365363864336361336362653661626639656433373638363538
3864343735353966370a386366313362323562666535313633333931623631646236363465303466
64363131306138323939373066623433616336376561653664383233663037316536303837333234
32636365376537356566343566383634663564636134306132303664313961346262383361326165
31643462663562353032353436363838383063383065383266386363393339373734656261393964
36633539663837306131363734313865613066653938643166336363363332643935623035626135
37323235343139333463333832336133343066323063616166643665623130616439313731333937
33666336653061383334396136623566326264333131333765613162626563383134656135336165
35633961636535366536306365303633633839383837383833313336316431383930396462656363
63356430373130346635383532333564393837336666343766393738666539326130623937626364
65326134366661613162393430323238633832333938336437356533396261373566343565393263
65643934396361633862663062313237653761303438396266353133393961663833316238613439
35376563326239653831636635313333356232393634313637383332353839346264323531643666
61323935316134353936366537623833366231346132323566663466326630626434343465353731
35656438663630366664643735323461663262633265376634613335303864646239656230616433
31316136396431383130636365373132353139643165653534643932633361336133376464363061
62623330396639393734383065633466373865633433323561666133386266313961326638383465
65663736643061326239316665633664376135383165323938663766373030363832613631386532
66363164383431333830633635653531616531623765383766336262383739363237653835646566
61376539643030653638323161623561633638616436326530623233663137613139356135353433
35626635633861353863396530633936396133376661396265306439373831303935613966656461
63343365356530313963
