$ANSIBLE_VAULT;1.2;AES256;filter_default
63646634323237356137393235633137333561383637306465613765336639396533656366646633
6139393465353364386539393364666631636663623538350a313566306339396334626262626262
39346637656137633735366666636536333761356138363334326165313338643437333139356431
6439623437333239380a636637666134663961323239303463373561623738346631613832316262
36626565353436363831636438643139393030363464646265323537633334303631643166313232
62363939663836633965333736396438623035653330336132393766393463633839636131633232
66373937653839336565343461623636316332653431326565306431633862636161633261303664
37613962353864366463636538343136316532323332616239386661643434376236393863316139
65333266313232303634376633656236336161363139306262323930653434643364666435613430
37346237616566306236346436306466366366633833623833626665643334653034613130656634
62626631356130666635393434366362376436663761656661333365393064383164376534323238
65306530323461343163643731343130363766316662616631623236336637343337373735336165
66333563356565386564356638633532386630623234313266653539326666626365666232393136
61613963646562383732326135616335333435383135323630316636636364626130633962396661
36363162613933343530666262646465316430623365313739636436353438316437313030313337
38613331363866323865653436613830633061343135346634626362383036663634643536313464
31663535623736313932663763633736613365626334393161386530373939666666663539333537
38366535663964363035613566376262376433306464336565653462323537393066353333393032
36323137353337663664346462313135663533643064343062653666623933333532336661356461
63313034313665303536303764653765323334373163616461333762366637303664343330653934
36353237643431376361376362396462396230346336393463393866306536313563346534303261
61346232646566623639383631313334373731333432313864653438653766616438363864376239
32613635643065303736306536363066633432306433393337373934383366323031346436326132
62646664613036356636
