$ANSIBLE_VAULT;1.2;AES256;filter_default
38343636623862653231373965336431373434383334383864326536656538326364626630326263
6331363663323638666137306266663939343134383564640a326339613630643633626333636139
30316665613761303237353861313730386435353230323032663633666366613739633065623431
6330373635356239330a323564333266383734393961363839376366376561376162316337313161
34353633656338663766353930306266623664656565303033636535363439336637636632366266
32306164626335396363376636343234623031653466316361396466393934643730353264326130
63666339356161386532363134326562323031656463376133356537373233623730313237666539
64396466613962303031393662333865666539366439653732626235303731633134653137313765
65366431356434663137396465646636323562393037643762333534383161633163613734633435
65313131643630343531303965666265346136333134386134303366393232666335656465386233
31396663656463623538363565313635663435663636313539326537386131396266396266653137
65386566623162346263323636653962326530323164666537636339363864393562353962653663
62363765643639626137373634356162343061663132646566636536376265363935393532373337
32613465383136626335636332333434663634386664336665393363633065393264646530336235
31356263643565363035633336653335613434623333306161366164356363383836633038373238
38363933363330633334313065633962323732313732326161336437333437323639356361326363
34626365323632366563396637396362326130393835353934623562663865616533346434363463
33346365313836656233613931656263303735326164353634323932653038396635646533636234
63363733343265343235646564633139393962323564633734643237323739343139353265613962
37363837303962383163373436613863643534626238356264306461316162663930356630663964
33636536623039646635353436316161343936376661363131346238353834636366313536393230
61636463303732623438393437356265666135313131363432333364326361636531346237626335
61343664356130303830666361363065643865313033613538666465306165303863323262363737
34373631636635303462
