$ANSIBLE_VAULT;1.2;AES256;filter_default
35636338633162653838633631633462313466656136613637616561616438666330356561623364
3335353363316131356366303265336238636465616465610a386633343737663463353164383038
31393362353462633934376363326133653365663664303833626263313363306230643061376536
3130373037303864380a383137356361326537663166323736663135666433643734326462626530
32346635313034383039383462613366393439316132613365623064396535323534353063346631
33383939636165336434363939313661383062333666626164373762666630376631326362663263
32313966616663303164333966613437373432623162313536653362653631616162353432393561
64633435623364303361346361366362616165303930356663306262313535346635333533643832
66663235343165663839646335646261626437656530393533616139386639613963373536636433
63343561643266643732643531623732353137646461346436373436393430333738323362366434
65356162653461346165373666303433396262666530336139666264613731343939353263386631
61303132353935306334646233643635393531356663653461396562346437313136636531333565
62383439336439353933613462373863383036373563623262663630333166383932376135336463
38316332323961633830653430326631663437363038333133313736383666323534646262326562
36366162333436316238656431633135373062356364636334633935316336353565316536393039
38313335356336316665333261626639373439313131343065613461626136363462326163633839
39626536306266666136643934626263346531366461303338323838363335663336636531633965
32653266353766343064303730343062353564336236383937383361663832363834366433313561
38333233656538363335623665333133613439393731303634653739616462346535633431316331
65383034336665303565373133363237363430343932343738383663383162613939316366356665
36363633333063633663396130656330343366653261323963333833663036353638366337343633
33373938333130343130373764306530386335646635616264363961343263316465653837633933
39663630343064313538396634353337313366356432626365363163373038303930393838326633
37616661306662656264
