$ANSIBLE_VAULT;1.2;AES256;filter_default
62613130666266623834346335343232656135363833383034336366393366393639313330626239
6331643332303163336532643331663139646537383465610a626636633562326235363437343062
36343433646664333930663362653139653062356530383964316634393038613539636634333637
6130376463646136390a306136623633623133303634636562366534323337363630306164363534
31396465326531373930393862323437616139366338323533346431306165633564353863386335
31643339306534666532623538656631653038636637626165666466643539366333636163633861
63353130373364616133626139343463656533346332653538613839393634616139396666613061
63356632623162623834626563323566616333333061346339303434303266646135336363333637
65626337303832346535366661393230336336313839336538356637373737353763623630653663
35623361303133366537326334373762623736383233333035323762643131623066326531316132
35646330363434363037643339616337393162333263656533356663386335333465323661613035
61366637343939316136316665643139633064376266326338346131383666333337343265303839
36666637613733393563613162663466353466316537343636626464663934656539646134326664
63396532376139373238666634626530656265633963666465323565323965366438323662616564
66393666643034326263336337363164306437326635373138306561653166653866663663636261
36316264356338323332383464633265376466306438393435626435313537613738613366616232
38376633323261353935386535633031303935313764386131663237393235663861383737623562
35656466353463373038633461633961653538653636366162383538386565363166393565326566
33363761393030643761373135633838633739386365313763306366646431386162616339616564
38656361663233333932653966626632646636306430643363313438336632666463363732383239
34343739646362313664356435313831663730373462393830656336323462316338363065356461
37383937393961343530346332633137666562333038333661363334363939643437333834663334
62633161303863613031333435346230633334373630643036373034346331373566633462623066
34333036393138393637
