$ANSIBLE_VAULT;1.2;AES256;filter_default
66636134643638643662323266643833323733326439306235653639353031366139636266346231
3538336538313337316533346335313434383434363432390a656237366335656164636439396534
62646439643162393735303261363562613538616362343230316131383461626234656633373033
3135343634333431660a626633303531363833623330646433356134363230663861326163343066
62653366356337626631393730356466616563616232346465323564613464306464323634383964
62366536393735666338363162313435653631306565386239616161353766346232383232363330
63616438333432373135393937346563393662363232376564633463346337616139366634643036
30333235393339663635643437636431613633666639653032313664356330333534646165633431
31356633613566353632336338373633336638306336343861353137326636363865356430646137
38396430636331643738376637613366356631333864303762373734393232626437653363646361
65306265666365386562633263363833346333353733343964316438646232393835366231646136
62313761326532653539633130336361306335323634343364666264376265646239613536336262
64393066643033383930323262663332623230343361303438333363643462393437326137623537
65306532626538613936313933613830643434393439323334303362633461613037313235313430
30613733393865373534323333383930666133393930363566346231396436616338383033373231
37633664366362626433373562323339313638313764373932303964623832343130623463666266
64316463383330316438363439333937323636396631383261313138393865366236373632356266
39366536336461376363393564383035303136383066363165323735613330356432316266386231
66633931336632306663356635656234376438623762636430316439313133366338333931343431
31346339373337323039626263376330333534396637646261333161313334386465313733653137
38616339353936396338653836663866643764343434626132306434353931356662396536376261
39616133386433613263653261396264643864663832386436326361393538653334663236313836
35323031623666373161353634653361356234386636356439363364376236386362376461306261
63323036353361373533
