$ANSIBLE_VAULT;1.2;AES256;filter_default
61316630326536633764633237393934343031393163303166346335653430613932633631316432
3339626336303532663237613862623137396138303734340a313333343232633334656237313366
62326437393063373437396134633763633363653531336635356264643462663066613263643233
6131626232383165610a303664393861346231383261373562336432366164646438653833373338
63306163383963653037313931323730616661623335383539633831313865343539326137333735
64383164333563613639343539363061333165313563623761616261323134363333643233376631
65623738393636653336616361656166323566373937653635373665383833306633633839376233
61313633666462363565356434626565313433396563383632396530343134393435396561613339
37393936643562646263366237663462303335373432303461626633643462616335336335343136
30663861653932383539646533313238663537636437353036386666636534656563323433306637
65393736373661323439653039313832646230663734613365366538363861653462376438663230
32663165383333653230663038373136353766623832353935373265333233653537613636383930
30613839376566376332343765663134303234663139623930333435366237393233613437323236
65336237326165646364346337323239373065346334393338346430303766366265643933366331
66663839336433363138643733376632363931623633626230363764613130353632353138396439
30323032633338663632376637383334313762613837343137663231323538333934353631373533
63333135663061393534326162383934333732363234633361356363616434616437666432343738
36613435366437373661343664643764393761393535623962663166313165336432343635376236
63326336666430353062353135316464363264633237303537373236396532396635663030626463
31316430383036613265646364356263316433613833333363633638306531616639376339326362
61653035366539303461393034326532343739313665613265306530303265333038643534313561
61343733353666343861366137376561346462333663613566613564356138316562653832623266
61386365663662666663386366383634633235333837383330333235616639626238396331653736
38653033393634363135
