$ANSIBLE_VAULT;1.2;AES256;filter_default
65386132353034343961386261626166353565663131303664613235313433326238363534353035
3432633763633738633166616433326438363634316463370a613636393635373236363333653530
65333333626232666430353830616565386636393835376333326535316562313031326130393933
3538353434613361390a343636653332353266343131313366363332363764373564653737303535
35646264643064383939333831626632363338653037383134316535623763646230346631306132
63316361636132323230643038343134386666393437386638393865633364323262323561363831
64643038656436636164346466383931666230666361333266356435643630366333623836343237
30313366333663316238363933633331383236646330393731333361363764366462633165613366
37393364396265616132363664393036643764383766376663343633333533346137333465326639
63303530346630306331316631393163643662353863306638643764643766623332623562303862
65313862333662623035346563373563393230653162623837643262343233653039656533663166
64613634613463306564353164333032616361366532343162323733343064666633396531663338
38663265373866393136653266343361663834656637663737613764643331643137303462353665
31633833363339336332373362373065313736356436396134663566663635343661373864386137
32386530666364636533633163323333313336373633633361653835316366386438653963313762
66656637663534376234316362383264663432356665663930613663343538363438393365333338
64646537623132353531613766643765393230653662653631663331613562353038663462346461
61343866373861373132613661373939336561633165353431383763663362363437333961623831
35353063393063373263666537343339653439633865623230393335313433323935323265393837
31386136373863323164626635636537633765643163626436373263353466393761333332663864
38316231376435396265396530663462353662616336633166396361646237353537326566313763
38623563643936333830616163353862353237303237613535646430363362343161613938333464
39353733313063306437646238393230653038656331386561373263393331333631343733626264
35643761336332636463
