$ANSIBLE_VAULT;1.2;AES256;filter_default
65393362306264376666613166333962666165656536323931333032333636653533653639643531
3338326465303136356432313439623963336566303732360a663736366632316263643633333634
39353866656461656138313366386264303366363136323665326466353835363162623133633937
6562316330323435350a636633386139343935633835316564663139373636396231343134313861
37653535313437323463633535303537643633653362653833346665396565356161663138613431
31376338303566323363353137353932663733303463353238303337346435373264313134326333
66633431393234316663346337316162346535306637643936326264666530336636616337373434
63336139303637633837336163633731616532643335373437396333643339393332656231616136
62663563633837643065623335373036373831663436323138383066656163313637663031663333
66316135356135356432303938646138333065326265646230616339353366343865363336663030
37656366663864633732323936613365616134353863363932306364343666336365323736333663
63663764666134636333656266626638646230636231653061363937353635653838643864306535
63306637663436373935383065646333333532346534633266636631633463346230623439303264
62666331386561636131323264333736373337346234613264616338346166653830333863383132
36396561363066303239643335633436653738323661366361646665636564653664323564656262
33376138303232373939633363313031313463386537333137376431336633653465633761666664
63363165313939636265613537633839343236313761383732346166666464376333646238393865
65653132373464353333383833346237636633633665326236376464306664333464333861316362
61616432633663323230323434366563326665373063356632616530383330306462633538613635
33613331653836626239303665363339386238626132353633643061643133663566383366303535
63623065313435386438636436666565343032336236626237323832653833326364613738633561
65666638656233636530643366643632613739303139663435346535313465623465636538636335
30666562306439326664323934643966356338363163333137653164306362633430363665323833
63383064353535343266
