$ANSIBLE_VAULT;1.2;AES256;filter_default
62383730343333393535373831303736396531326663376561326131313363653566353135326338
3535623735363164333738373564653162616461363461300a643733656535376266313136323163
62646338623932666630613838356363613038343233623665383239393030343066356631313532
3939393963333931650a626436313232323938626562373730386232636634323765356335323239
30393061316162656236346664313662613433376238353861356465626263663336373731646665
30383261373232623163343832626638326565663833613632613538323264646538393336343630
65323835666437323464666464663432323862313937336434613239626138396333313962663331
30653563386162623065636534313634323537393432353566313037393633363038656238386563
30383838363336303733313534313636616539396237613935373335633530616439396462353261
35656564656631356535643938656635613561666237666434346132353432363539623266313835
62303665313535653436643265373038613964643266656239613364353162333336373333343034
66633637623566326666346130393438363139616136323937646661393532366565373037393639
34643336623039653163356632303439383735616638333036393864623737376633386338646633
63346537646439343338326162393063363032663963383665623764393438613961633561393966
31303432383239353661343861643430363061333833636434313837663066636239646438623233
31333531313930303066626262643065323363313862363163353133633065636231313663353831
34663736633363383330393637383635613234613132343465343665663130613064306637376562
38353463353164393534386132626662306335623739623461653536646230393838653038633864
64393631643363656666626337383862353865626138306630393034633666373066623264303231
63616232396465323766646132313062353331626161623330636538653864336631306262336533
62353532303832313161376333323262376338666435323439623765646335386234386132313866
31633537383736623038343263663439353461633464363861626465303031613833653064306466
32323636613262616634306264373132313764636436313631386336643030366466366661666539
61616534643436613439
